1.178438657780620069e+00
2.411803347595878610e-01
-1.184867737819195854e+00
4.492428184439991035e-01
-1.051412625368374432e+00
1.929105137120727065e+00
-4.400412988199945419e-01
-1.432481608850001198e+00
-2.822581479813866534e-01
-4.648541344201294057e-01
6.638790879189430116e-01
7.110819173672978666e-01
2.828982693882815092e+00
-1.219780892570956621e-01
-6.314791898999846387e-01
4.898125174815261551e-01
4.267559128064975504e-01
5.929076223494808007e-01
-8.631563911101636233e-01
-3.084253486479123785e-01
-1.427530957917696242e+00
1.612042527990696250e+00
1.002819803849529373e-01
-1.307850111875651589e+00
-2.080007370835621483e+00
-1.977568660400426115e+00
2.495355837780116257e-02
1.153694063746027454e-01
-2.055991660592864978e+00
6.315588482865472919e-01
1.185977273725512537e+00
-1.171876052380577127e+00
6.396820958162873216e-01
-8.346751277893729171e-01
-5.133131877859944403e-01
9.436716068156089654e-02
1.320652183768498134e-01
-6.611082003785673233e-02
-5.315762555383862775e-01
6.034982395473346140e-01
2.458109871288098602e-01
-1.174897603728683793e+00
5.038452860973064995e-01
7.529727584150595898e-02
7.076969462196815996e-01
-7.174338715214352291e-01
1.953274930859072167e-01
4.649163293266416197e-01
-2.688641039653354992e-01
1.190884388470493604e+00
-2.342101590702930780e-01
-5.851990081224019979e-01
9.566869464165675963e-01
1.463581770402923588e-01
5.435879062479190282e-02
9.754622820569018860e-01
1.065494619890187566e+00
-7.554133974960369757e-01
4.721700210625915939e-01
1.216751603247473029e-01
1.178060676936156126e+00
1.398006839144014357e+00
-1.026757664163508554e+00
9.169550096238821002e-01
-1.651846392571186595e+00
-4.451632134605870705e-01
-7.711715459251978766e-01
-6.264639052781132422e-01
-1.817196367045440075e+00
-1.279926464686756304e+00
3.042679998904940231e-01
1.041135704554672747e+00
8.998085828774250450e-01
-7.838926030396187183e-02
-1.349312006629707905e-01
2.771204868656250153e-01
5.770038256009204503e-01
4.054475395277675198e-01
3.591758496835357334e-02
4.321211380591198914e-01
2.057232785856803137e+00
-1.278178833120932723e+00
-2.513140165985978669e+00
-5.427283445011044094e-01
-1.341698626324602905e+00
-1.210560753007768442e+00
-5.353216664059559093e-01
6.106711285660091360e-01
5.902992319387996289e-01
6.360384909196846459e-02
-1.557122414461931947e-01
6.690019373957719617e-01
-3.666658287448036901e-01
1.715204190372683124e+00
9.759132607009971538e-01
-1.306117868986223174e+00
-8.338748838084966142e-01
1.557075951470780373e+00
-1.076172859962337913e+00
-7.602527933433094187e-01
-3.303413112272118868e-01
1.205721966963021918e+00
1.593653608746018469e+00
-2.960046564577123451e-02
-1.774421601887326005e-01
-6.159459348101987280e-02
-1.182995930946826313e+00
1.883314902440242911e+00
-9.386052467544325761e-01
-4.606102744461492149e-01
2.905448097552305528e-02
9.915637728329750322e-01
4.221742799920078643e-02
-1.210287828863896298e-01
-1.927235227550178953e+00
3.164663375485624736e-02
-2.391718276512484753e-01
-1.126544219793004231e+00
-6.105696416860899589e-01
8.682740305397994574e-01
